fish
BGR
[ 90. 107.  72.]
HSV
[162.40223464 124.         128.        ]
HLS
[160.08333333  90.          98.        ]
YUV
[ 98.  127.5 117. ]
YCrCb
[ 98.         119.         126.49606299]
Lab
[115.         109.48369565 139.43349754]
Luv
[114.          74.43243243 145.40425532]
XYZ
[ 91.67355372 101.         100.        ]


birds
BGR
[ 90. 119. 119.]
HSV
[ 69.80446927  74.         134.        ]
HLS
[ 69.41666667 108.          58.        ]
YUV
[116.         119.45945946 129.        ]
YCrCb
[116.         129.         119.46850394]
Lab
[128.         119.18478261 146.97044335]
Luv
[127.          82.7027027  151.91489362]
XYZ
[114.8553719 117.        101.       ]


plants
BGR
[ 54. 105.  96.]
HSV
[ 84.05027933 124.         117.        ]
HLS
[83.58333333 86.         95.        ]
YUV
[ 98.         113.71621622 127.        ]
YCrCb
[ 98.         127.         113.44488189]
Lab
[112.         109.48369565 157.01970443]
Luv
[111.          79.94594595 161.68085106]
XYZ
[ 93.78099174 101.          65.        ]


cifar
BGR
[123. 121. 104.]
HSV
[182.34636872  58.         137.        ]
HLS
[179.91666667 116.          47.        ]
YUV
[116.         128.64864865 124.        ]
YCrCb
[116.         125.         128.50393701]
Lab
[128.         117.79891304 134.408867  ]
Luv
[127.          78.56756757 141.06382979]
XYZ
[114.8553719 118.        134.       ]


aircrafts
BGR
[149. 132. 119.]
HSV
[207.98882682  52.         155.        ]
HLS
[205.41666667 133.          43.        ]
YUV
[130.        129.7972973 125.       ]
YCrCb
[130.         126.         129.50787402]
Lab
[140.         119.18478261 133.15270936]
Luv
[139.          79.94594595 137.80851064]
XYZ
[128.55371901 130.         160.        ]

