fish
BGR
[14.54522652 13.9814001  18.09321047]
HSV
[26.4862957  20.95757058 15.41424396]
HLS
[26.03176775 10.56360337 21.83873136]
YUV
[11.72704796  2.19328002  5.31215199]
YCrCb
[11.72704796  3.52146813  2.20456534]
Lab
[13.372633    2.81403502  3.0735737 ]
Luv
[13.3564706   3.25664223  3.21580207]
XYZ
[11.40305541 12.18138745 15.85918163]


birds
BGR
[16.47874718 13.82286849 14.56472142]
HSV
[31.14106275 15.99191713 14.90649027]
HLS
[30.62642834 12.96139234 14.93738481]
YUV
[13.13176463  1.43370803  1.2893168 ]
YCrCb
[13.13176463  0.85584251  1.44090924]
Lab
[13.89286689  1.12015568  2.27422927]
Luv
[13.87696792  1.27382346  2.41092683]
XYZ
[13.061711   13.27736326 17.96297321]


plants
BGR
[17.91550555 13.69441735 16.71050662]
HSV
[26.79783668 20.67674538 16.65968176]
HLS
[26.33470275 13.04876476 20.31205253]
YUV
[13.1737198   2.25760103  1.66166259]
YCrCb
[13.1737198   1.10136517  2.26401667]
Lab
[14.22578068  2.57617238  3.37142339]
Luv
[14.20896299  1.72416818  3.71914223]
XYZ
[13.48280885 13.19507525 18.89213374]


cifar
BGR
[15.56135559 15.11767693 17.44919073]
HSV
[33.76949896 12.16073342 15.58748105]
HLS
[33.16084982 14.5050003  11.24597043]
YUV
[14.89782398  0.88202908  1.27722198]
YCrCb
[14.89782398  0.84626848  0.88813777]
Lab
[15.29952436  0.85251637  1.44013443]
Luv
[15.28945804  0.84697729  1.72168094]
XYZ
[14.96723023 14.92572844 17.27891668]


aircrafts
BGR
[16.24256989 12.51880387 13.22003762]
HSV
[33.25436231 12.77898693 13.50017886]
HLS
[32.67893257 12.73335925 11.21002668]
YUV
[12.36426847  0.96545241  0.96517235]
YCrCb
[12.36426847  0.63979321  0.97016566]
Lab
[12.60989562  0.31364648  1.55704365]
Luv
[12.59716321  0.65976469  1.92655845]
XYZ
[12.42726076 12.37762896 17.83848117]

